0.17194460332393646
0.41558313369750977
0.16939210891723633
0.007304684724658728
0.14623551070690155
0.6783164739608765
1.2189668416976929
-0.26239654421806335
0.06375918537378311
0.3566400110721588
-0.11432277411222458
1.90995192527771
-0.23146238923072815
0.18889079988002777
-0.0018568291561678052
1.034518837928772
0.5132979154586792
0.683052122592926
0.6803051829338074
1.1012364625930786
1.0713468790054321
0.5944220423698425
0.018323374912142754
0.6887502074241638
0.34537097811698914
0.20102570950984955
0.0499146394431591
0.7747272253036499
0.5596755743026733
0.2444366067647934
0.24632002413272858
1.0636463165283203
0.10692789405584335
-0.04663681238889694
0.31089964509010315
0.2360195815563202
0.17450520396232605
0.03482396528124809
0.551095187664032
0.37797898054122925
0.09197557717561722
0.47261232137680054
0.4887367784976959
0.03537014126777649
0.3662976026535034
0.35086682438850403
0.0020942457485944033
0.16343654692173004
0.8391174077987671
0.19870899617671967
0.19604001939296722
0.015276575461030006
0.12738829851150513
0.44292187690734863
0.14769545197486877
0.1854473054409027
-0.05840654298663139
1.3249849081039429
-0.07354358583688736
0.5989370346069336
1.5981183052062988
0.39709317684173584
0.8727691173553467
0.22228537499904633
1.2737987041473389
-0.04385516792535782
0.5530606508255005
1.0676448345184326
0.9142221808433533
0.2896851897239685
1.4036595821380615
1.6848626136779785
1.619685173034668
1.3503036499023438
0.9814820885658264
1.5943498611450195
0.5585630536079407
0.8462468385696411
1.6031734943389893
2.1840317249298096
-0.07359066605567932
0.2439221888780594
-0.2332717925310135
-0.13917610049247742
-0.22130610048770905
0.873071014881134
0.05538158863782883
-0.18026229739189148
-0.1737358719110489
0.22344458103179932
0.7641952633857727
1.2891849279403687
0.38192039728164673
0.7845332026481628
0.42435190081596375
0.6550813317298889
0.6367674469947815
0.9428099393844604
0.5025471448898315
0.48552724719047546
1.36123526096344
0.6107361316680908
1.628684639930725
0.6424621939659119
0.7286204099655151
0.8250598907470703
1.1940276622772217
1.4267432689666748
1.0297930240631104
1.2845966815948486
0.8539867997169495
0.8150710463523865
1.354993462562561
-0.12120305746793747
0.6750284433364868
1.2157166004180908
0.1702020913362503
1.5037480592727661
0.9152258634567261
0.2040814459323883
0.13366003334522247
0.09569958597421646
0.550279438495636
0.04781226068735123
-0.14202061295509338
-0.06934386491775513
0.2011616826057434
0.08314353972673416
-0.07911906391382217
0.0013258116086944938
0.540531575679779
0.16906249523162842
-0.04719887301325798
1.4282509088516235
0.3184531033039093
0.25564900040626526
0.3679395914077759
0.12478186190128326
0.7563251852989197
0.14935047924518585
0.3802538216114044
-0.15468449890613556
0.9576865434646606
0.589045524597168
0.7291830778121948
1.203675627708435
0.5270673632621765
1.0882458686828613
0.592377781867981
0.6522234082221985
0.6884376406669617
0.11090978980064392
-0.19308015704154968
0.3086855709552765
-0.24033965170383453
0.9935780167579651
0.5679917335510254
0.3889842927455902
0.3366791009902954
0.5127255320549011
0.4710565507411957
0.49626150727272034
0.5758364796638489
0.21715456247329712
0.7924274802207947
0.14817985892295837
0.2862558662891388
0.9435880184173584
0.349053293466568
-0.09587842971086502
0.3315927982330322
0.6759715676307678
0.4520508050918579
0.03920065984129906
0.23732659220695496
0.41287559270858765
0.7615388631820679
0.8767446279525757
0.14245973527431488
0.30674508213996887
1.7042595148086548
0.07980970293283463
0.7598391771316528
0.6011344790458679
1.6593183279037476
2.1698310375213623
1.2922003269195557
0.4507547616958618
0.49239349365234375
1.5456503629684448
0.11582663655281067
-0.058393221348524094
0.6242727041244507
0.9897193312644958
0.6568621397018433
0.15658901631832123
0.024553591385483742
-0.11972181499004364
0.22693312168121338
-0.0688687339425087
0.2634724974632263
0.6374020576477051
0.4226509928703308
0.47458016872406006
0.6457223296165466
0.3147008419036865
0.5617669224739075
0.10055803507566452
0.8392738699913025
0.8943585157394409
0.4029403626918793
0.8882567286491394
0.5340524315834045
0.08635462820529938
1.1231223344802856
0.1733795702457428
-0.16262495517730713
0.09313265234231949
0.9028077125549316
1.0422037839889526
0.4248928129673004
0.5758566856384277
0.7486489415168762
0.262784868478775
0.9576770663261414
0.23891834914684296
0.6013815999031067
0.9067193865776062
-0.03856402635574341
0.7007378935813904
0.280609667301178
0.06578114628791809
0.1713116317987442
0.5184627771377563
0.011980910785496235
0.5736761689186096
0.2580502927303314
0.35041332244873047
-0.04981621354818344
-0.12732794880867004
0.3299398720264435
0.41911911964416504
0.6707733273506165
0.5931167602539062
1.137105941772461
1.523891568183899
0.701838493347168
0.7570947408676147
1.2339975833892822
1.0898901224136353
-0.14284318685531616
0.44856610894203186
0.5751513838768005
-0.43529969453811646
0.2017543613910675
0.27998730540275574
0.03888818249106407
0.23294803500175476
0.3329835534095764
0.37501925230026245
0.4118829667568207
0.040685076266527176
0.3017845153808594
0.09861337393522263
0.06905564665794373
0.3675885498523712
0.5138158202171326
0.10942340642213821
0.4123917818069458
0.17747598886489868
0.5163072943687439
0.092200867831707
0.2992676794528961
0.24069513380527496
-0.011546642519533634
0.6178969740867615
-0.025569334626197815
0.456091970205307
0.03962147235870361
0.030840719118714333
0.31087133288383484
-0.0653396025300026
-0.25267738103866577
0.40435245633125305
0.7080774307250977
0.1246524453163147
0.7624347805976868
0.47589924931526184
0.25603047013282776
0.1208130419254303
0.26969802379608154
0.33349165320396423
0.8257268667221069
0.13580694794654846
0.6792656183242798
0.31461241841316223
0.7461751699447632
0.5718728303909302
0.6972965002059937
0.3403204381465912
0.12281320989131927
0.4414382874965668
1.1034854650497437
0.5160306096076965
-0.13934646546840668
0.43642255663871765
0.5745288729667664
2.0944180488586426
1.8263574838638306
0.03131641075015068
0.04756266996264458
1.7085851430892944
0.8490887880325317
0.7651539444923401
1.4400659799575806
0.262660950422287
0.6294252276420593
1.0234534740447998
1.498317837715149
0.6080836057662964
0.26805680990219116
0.8438242077827454
0.9604935646057129
1.139320969581604
1.3348544836044312
0.3735259771347046
0.3072129189968109
0.0977807343006134
0.29731833934783936
0.10101650655269623
0.004307331517338753
0.9021572470664978
-0.013377664610743523
0.4676171839237213
0.9861599206924438
0.3191775679588318
-0.0679229125380516
1.2331619262695312
0.5116369724273682
0.8853894472122192
1.0803998708724976
0.6357467174530029
0.7309917211532593
1.3485029935836792
1.1163944005966187
1.1999667882919312
1.003291130065918
0.4508533775806427
1.195448875427246
1.1648021936416626
-0.07679587602615356
0.34874534606933594
-0.14840230345726013
0.17482993006706238
0.0037939767353236675
-0.09933938086032867
-0.2075287103652954
0.0807688981294632
0.1467514932155609
0.13679325580596924
0.31046295166015625
-0.1248050183057785
0.006635027006268501
-0.02999073825776577
0.21074120700359344
0.3895397484302521
0.05059728026390076
0.6224035620689392
0.014810696244239807
0.37894633412361145
1.2072179317474365
0.3162018060684204
1.3436590433120728
0.13769206404685974
-0.23052039742469788
0.4952954351902008
1.3449304103851318
0.8290343880653381
0.6354910135269165
0.7070440053939819
0.7401667237281799
0.05854891613125801
0.11275195330381393
0.49198925495147705
0.5832816362380981
0.020764820277690887
-0.12234707176685333
-0.020541613921523094
0.21000026166439056
-0.028301339596509933
-0.03800051659345627
0.37314122915267944
0.31713494658470154
-0.0150782885029912
0.2908670902252197
-0.0468575581908226
0.01055193692445755
0.10273585468530655
0.582956075668335
-0.07893223315477371
1.0743321180343628
0.18372200429439545
0.5618760585784912
1.712550401687622
2.336456775665283
0.9158952832221985
0.6492701172828674
0.92543625831604
1.254411220550537
0.8905030488967896
1.5294215679168701
1.2388173341751099
1.2257746458053589
0.654607892036438
0.7663712501525879
0.5263828635215759
0.2714889347553253
0.17879804968833923
-0.01110109779983759
0.7677404284477234
0.20621563494205475
0.733591616153717
0.9158296585083008
0.1470695286989212
0.734242856502533
1.1507906913757324
1.1385711431503296
0.738813579082489
0.8810877799987793
0.6799241900444031
1.186463713645935
0.9532440304756165
0.5728976130485535
0.8200980424880981
1.4456584453582764
0.9557985067367554
1.2316612005233765
0.5578091740608215
0.9240952730178833
1.5074529647827148
0.3806329071521759
0.14512333273887634
0.3598147928714752
0.3508971035480499
0.7972396612167358
0.3507075309753418
0.212956041097641
0.8473531007766724
0.8995472192764282
-0.09491419047117233
0.45532894134521484
0.14673517644405365
0.5184750556945801
0.6049028635025024
0.8721141219139099
0.25661513209342957
0.4538033604621887
0.06751251965761185
0.994013786315918
0.6542881727218628
0.15972600877285004
-0.15305571258068085
0.22830253839492798
0.06632363796234131
0.041373927146196365
0.6939975023269653
0.4840008318424225
0.030334440991282463
0.5265573263168335
0.1862722486257553
0.03584779053926468
0.7155033349990845
0.19616734981536865
0.11008726805448532
0.8450360894203186
-0.18984688818454742
0.8418219685554504
0.02464807592332363
0.7376977801322937
0.361482709646225
1.9796990156173706
0.7843963503837585
0.2821534276008606
0.1195812001824379
0.6971818804740906
0.09606578201055527
0.03837016224861145
0.2541898190975189
0.19109667837619781
0.07878036797046661
-0.3582768142223358
-0.16493642330169678
0.1673777550458908
-0.11477375030517578
0.7316201329231262
1.2411624193191528
1.351914882659912
0.6245483160018921
0.2507082521915436
0.4078071415424347
